15 15 1700730439
21 17 1700730439
37 18 1700730439
49 19 1700730439
112 20 1700730439
129 23 1700730439
132 24 1700730439
142 25 1700730439
15 15.1849 1700730469
21 16.9091 1700730469
37 18.1792 1700730469
49 19.1106 1700730469
112 20.0532 1700730469
129 22.7606 1700730469
132 24.1532 1700730469
142 25.1558 1700730469
15 15.1622 1700730499
21 16.7946 1700730499
37 18.2925 1700730499
49 19.0703 1700730499
112 20.1669 1700730499
129 22.5108 1700730499
132 24.069 1700730499
142 25.3947 1700730499
15 14.9818 1700730529
21 16.9284 1700730529
37 18.174 1700730529
49 19.0739 1700730529
112 19.9537 1700730529
129 22.6518 1700730529
132 23.9054 1700730529
142 25.6208 1700730529
15 15.0492 1700730559
21 16.8632 1700730559
37 18.4016 1700730559
49 18.875 1700730559
112 20.0091 1700730559
129 22.767 1700730559
132 24.0343 1700730559
142 25.6676 1700730559
15 15.1103 1700730589
21 16.9326 1700730589
37 18.6029 1700730589
49 19.0116 1700730589
112 20.2532 1700730589
129 22.5274 1700730589
132 23.8441 1700730589
142 25.8628 1700730589
15 15.2567 1700730619
21 17.0516 1700730619
37 18.8296 1700730619
49 18.7825 1700730619
112 20.2058 1700730619
129 22.3203 1700730619
132 24.0913 1700730619
142 25.6327 1700730619
15 15.1262 1700730649
21 16.9967 1700730649
37 18.9792 1700730649
49 18.6838 1700730649
112 20.3994 1700730649
129 22.1223 1700730649
132 23.9856 1700730649
142 25.6394 1700730649
15 15.0194 1700730679
21 16.8268 1700730679
37 19.1355 1700730679
49 18.4864 1700730679
112 20.252 1700730679
129 22.0033 1700730679
132 23.9182 1700730679
142 25.4644 1700730679
15 15.2025 1700730709
21 16.9571 1700730709
37 18.9125 1700730709
49 18.4641 1700730709
112 20.3876 1700730709
129 22.1439 1700730709
132 23.9079 1700730709
142 25.302 1700730709
15 15.4374 1700730739
21 16.759 1700730739
37 18.7592 1700730739
49 18.2286 1700730739
112 20.5581 1700730739
129 22.2566 1700730739
132 23.9996 1700730739
142 25.518 1700730739
15 15.4588 1700730769
21 16.5645 1700730769
37 18.5376 1700730769
49 18.4705 1700730769
112 20.448 1700730769
129 22.2206 1700730769
132 24.1039 1700730769
142 25.2778 1700730769
15 15.4249 1700730799
21 16.7541 1700730799
37 18.3494 1700730799
49 18.3886 1700730799
112 20.6721 1700730799
129 22.4505 1700730799
132 24.1759 1700730799
142 25.2696 1700730799
15 15.4899 1700730829
21 16.8333 1700730829
37 18.3926 1700730829
49 18.5028 1700730829
112 20.6715 1700730829
129 22.4246 1700730829
132 24.286 1700730829
142 25.3601 1700730829
15 15.3011 1700730859
21 16.7024 1700730859
37 18.4005 1700730859
49 18.6362 1700730859
112 20.4254 1700730859
129 22.2768 1700730859
132 24.1081 1700730859
142 25.3333 1700730859
15 15.1012 1700730889
21 16.8338 1700730889
37 18.2812 1700730889
49 18.3937 1700730889
112 20.3673 1700730889
129 22.3061 1700730889
132 24.2166 1700730889
142 25.2024 1700730889
15 14.9303 1700730919
21 16.9342 1700730919
37 18.2694 1700730919
49 18.2231 1700730919
112 20.6001 1700730919
129 22.0698 1700730919
132 24.4316 1700730919
142 25.4495 1700730919
15 14.87 1700730949
21 17.0226 1700730949
37 18.0406 1700730949
49 18.3818 1700730949
112 20.3708 1700730949
129 22.2828 1700730949
132 24.3465 1700730949
142 25.4769 1700730949
15 15.0565 1700730979
21 16.8445 1700730979
37 18.1629 1700730979
49 18.6174 1700730979
112 20.2697 1700730979
129 22.4505 1700730979
132 24.2011 1700730979
142 25.5358 1700730979
15 15.0184 1700731009
21 16.8039 1700731009
37 18.2889 1700731009
49 18.3686 1700731009
112 20.1982 1700731009
129 22.3928 1700731009
132 24.0016 1700731009
142 25.4765 1700731009
15 14.9682 1700731039
21 16.7716 1700731039
37 18.4589 1700731039
49 18.5654 1700731039
112 20.2645 1700731039
129 22.4747 1700731039
132 23.8158 1700731039
142 25.3281 1700731039
15 15.1928 1700731069
21 16.8609 1700731069
37 18.6138 1700731069
49 18.4283 1700731069
112 20.3664 1700731069
129 22.325 1700731069
132 24.0612 1700731069
142 25.5034 1700731069
15 15.3641 1700731099
21 16.6873 1700731099
37 18.7405 1700731099
49 18.2931 1700731099
112 20.2636 1700731099
129 22.4988 1700731099
132 23.9402 1700731099
142 25.3348 1700731099
15 15.6113 1700731129
21 16.8961 1700731129
37 18.8139 1700731129
49 18.1885 1700731129
112 20.3753 1700731129
129 22.3042 1700731129
132 24.0342 1700731129
142 25.2062 1700731129
15 15.781 1700731159
21 16.9792 1700731159
37 18.6933 1700731159
49 18.4385 1700731159
112 20.317 1700731159
129 22.2648 1700731159
132 24.0239 1700731159
142 25.2651 1700731159
15 15.653 1700731189
21 16.765 1700731189
37 18.6944 1700731189
49 18.2084 1700731189
112 20.2762 1700731189
129 22.3178 1700731189
132 24.1414 1700731189
142 25.0911 1700731189
15 15.6837 1700731219
21 16.5782 1700731219
37 18.5368 1700731219
49 18.4345 1700731219
112 20.1511 1700731219
129 22.2381 1700731219
132 24.3499 1700731219
142 25.2874 1700731219
15 15.8247 1700731249
21 16.587 1700731249
37 18.567 1700731249
49 18.2323 1700731249
112 19.9215 1700731249
129 22.3293 1700731249
132 24.4716 1700731249
142 25.2527 1700731249
15 15.8018 1700731279
21 16.4062 1700731279
37 18.4277 1700731279
49 18.4429 1700731279
112 19.9125 1700731279
129 22.5198 1700731279
132 24.6289 1700731279
142 25.4114 1700731279
15 15.6564 1700731309
21 16.2637 1700731309
37 18.4966 1700731309
49 18.1998 1700731309
112 19.922 1700731309
129 22.5361 1700731309
132 24.4857 1700731309
142 25.4324 1700731309
15 15.5421 1700731339
21 16.0931 1700731339
37 18.295 1700731339
49 18.0662 1700731339
112 20.0563 1700731339
129 22.6884 1700731339
132 24.483 1700731339
142 25.4821 1700731339
15 15.4375 1700731369
21 15.9331 1700731369
37 18.4807 1700731369
49 18.1513 1700731369
112 20.0094 1700731369
129 22.8888 1700731369
132 24.6002 1700731369
142 25.3319 1700731369
15 15.2874 1700731399
21 16.134 1700731399
37 18.3347 1700731399
49 17.945 1700731399
112 19.8827 1700731399
129 22.7112 1700731399
132 24.7503 1700731399
142 25.2132 1700731399
15 15.3229 1700731429
21 16.2363 1700731429
37 18.1452 1700731429
49 18.1663 1700731429
112 19.9308 1700731429
129 22.4982 1700731429
132 24.7885 1700731429
142 25.174 1700731429
15 15.1356 1700731459
21 16.129 1700731459
37 17.912 1700731459
49 17.9769 1700731459
112 19.7818 1700731459
129 22.6026 1700731459
132 24.8682 1700731459
142 25.3804 1700731459
15 15.1956 1700731489
21 16.3691 1700731489
37 17.6821 1700731489
49 17.7306 1700731489
112 19.6755 1700731489
129 22.7177 1700731489
132 25.0949 1700731489
142 25.3205 1700731489
15 15.1188 1700731519
21 16.4739 1700731519
37 17.8883 1700731519
49 17.7708 1700731519
112 19.5423 1700731519
129 22.7887 1700731519
132 25.1802 1700731519
142 25.2343 1700731519
15 15.2921 1700731549
21 16.2416 1700731549
37 17.6496 1700731549
49 17.93 1700731549
112 19.7603 1700731549
129 22.5983 1700731549
132 25.164 1700731549
142 25.3215 1700731549
15 15.1812 1700731579
21 16.3386 1700731579
37 17.411 1700731579
49 18.0821 1700731579
112 19.633 1700731579
129 22.6753 1700731579
132 25.3397 1700731579
142 25.3873 1700731579
15 14.9549 1700731609
21 16.1632 1700731609
37 17.401 1700731609
49 18.121 1700731609
112 19.4784 1700731609
129 22.5732 1700731609
132 25.3446 1700731609
142 25.5898 1700731609
15 15.1824 1700731639
21 15.9971 1700731639
37 17.4702 1700731639
49 18.3495 1700731639
112 19.6671 1700731639
129 22.7004 1700731639
132 25.5677 1700731639
142 25.3666 1700731639
15 14.9934 1700731669
21 15.8204 1700731669
37 17.3017 1700731669
49 18.2368 1700731669
112 19.4365 1700731669
129 22.6415 1700731669
132 25.635 1700731669
142 25.4571 1700731669
15 14.9315 1700731699
21 16.0405 1700731699
37 17.5512 1700731699
49 18.0858 1700731699
112 19.3087 1700731699
129 22.688 1700731699
132 25.8528 1700731699
142 25.2203 1700731699
15 14.9957 1700731729
21 15.912 1700731729
37 17.5389 1700731729
49 18.1361 1700731729
112 19.3888 1700731729
129 22.4752 1700731729
132 25.6926 1700731729
142 25.1876 1700731729
15 15.2457 1700731759
21 15.7329 1700731759
37 17.4759 1700731759
49 18.2535 1700731759
112 19.1825 1700731759
129 22.6037 1700731759
132 25.7649 1700731759
142 25.001 1700731759
15 15.0469 1700731789
21 15.653 1700731789
37 17.7232 1700731789
49 18.4094 1700731789
112 19.2934 1700731789
129 22.7919 1700731789
132 25.8387 1700731789
142 25.0903 1700731789
15 15.2651 1700731819
21 15.7372 1700731819
37 17.5493 1700731819
49 18.384 1700731819
112 19.3981 1700731819
129 22.8504 1700731819
132 25.8846 1700731819
142 25.1481 1700731819
15 15.1752 1700731849
21 15.9576 1700731849
37 17.626 1700731849
49 18.3106 1700731849
112 19.201 1700731849
129 22.9874 1700731849
132 25.9457 1700731849
142 25.1871 1700731849
15 15.2426 1700731879
21 16.1648 1700731879
37 17.3961 1700731879
49 18.0784 1700731879
112 19.1021 1700731879
129 23.025 1700731879
132 25.9338 1700731879
142 25.2257 1700731879
15 15.4572 1700731909
21 15.9572 1700731909
37 17.2894 1700731909
49 17.9842 1700731909
112 19.0039 1700731909
129 22.9391 1700731909
132 25.8017 1700731909
142 25.4611 1700731909
15 15.2696 1700731939
21 15.8735 1700731939
37 17.3902 1700731939
49 18.158 1700731939
112 19.0205 1700731939
129 23.0934 1700731939
132 26.0233 1700731939
142 25.6683 1700731939
15 15.0795 1700731969
21 16.1105 1700731969
37 17.3933 1700731969
49 17.9147 1700731969
112 19.255 1700731969
129 23.0471 1700731969
132 26.0031 1700731969
142 25.5253 1700731969
15 14.8813 1700731999
21 16.1599 1700731999
37 17.3517 1700731999
49 18.1096 1700731999
112 19.2552 1700731999
129 23.2263 1700731999
132 26.0176 1700731999
142 25.6263 1700731999
15 14.7657 1700732029
21 16.0061 1700732029
37 17.1553 1700732029
49 18.0266 1700732029
112 19.1894 1700732029
129 22.9925 1700732029
132 26.135 1700732029
142 25.6179 1700732029
15 14.7288 1700732059
21 15.9693 1700732059
37 17.2043 1700732059
49 18.1009 1700732059
112 19.15 1700732059
129 23.0729 1700732059
132 26.3463 1700732059
142 25.6954 1700732059
15 14.8413 1700732089
21 16.0597 1700732089
37 17.1854 1700732089
49 18.1189 1700732089
112 19.2569 1700732089
129 22.851 1700732089
132 26.4547 1700732089
142 25.6492 1700732089
15 14.9897 1700732119
21 15.9626 1700732119
37 17.0562 1700732119
49 18.2205 1700732119
112 19.3417 1700732119
129 23.0354 1700732119
132 26.6766 1700732119
142 25.7544 1700732119
15 14.824 1700732149
21 16.1519 1700732149
37 17.112 1700732149
49 18.3204 1700732149
112 19.4002 1700732149
129 23.1109 1700732149
132 26.5002 1700732149
142 25.5875 1700732149
15 14.9291 1700732179
21 16.2584 1700732179
37 17.1857 1700732179
49 18.2235 1700732179
112 19.1615 1700732179
129 23.1417 1700732179
132 26.6898 1700732179
142 25.8285 1700732179
15 14.786 1700732209
21 16.3545 1700732209
37 16.9405 1700732209
49 18.0073 1700732209
112 18.9897 1700732209
129 23.3049 1700732209
132 26.5042 1700732209
142 25.7915 1700732209
15 15.0114 1700732239
21 16.3866 1700732239
37 17.1849 1700732239
49 17.9473 1700732239
112 18.8551 1700732239
129 23.3994 1700732239
132 26.2911 1700732239
142 25.8366 1700732239
15 14.8543 1700732269
21 16.236 1700732269
37 16.9982 1700732269
49 18.1276 1700732269
112 18.7517 1700732269
129 23.3743 1700732269
132 26.2002 1700732269
142 25.9611 1700732269
15 14.6993 1700732299
21 16.4658 1700732299
37 17.0307 1700732299
49 18.1844 1700732299
112 18.6387 1700732299
129 23.5486 1700732299
132 26.41 1700732299
142 25.7699 1700732299
15 14.5713 1700732329
21 16.3395 1700732329
37 16.9663 1700732329
49 18.1315 1700732329
112 18.6999 1700732329
129 23.5453 1700732329
132 26.5643 1700732329
142 25.6954 1700732329
15 14.5679 1700732359
21 16.3369 1700732359
37 17.1262 1700732359
49 18.1859 1700732359
112 18.9101 1700732359
129 23.4176 1700732359
132 26.6327 1700732359
142 25.7952 1700732359
15 14.4587 1700732389
21 16.2695 1700732389
37 16.8946 1700732389
49 18.2109 1700732389
112 19.0101 1700732389
129 23.407 1700732389
132 26.7437 1700732389
142 25.7133 1700732389
15 14.5976 1700732419
21 16.3587 1700732419
37 16.8707 1700732419
49 18.0901 1700732419
112 18.983 1700732419
129 23.6195 1700732419
132 26.7399 1700732419
142 25.4638 1700732419
15 14.4833 1700732449
21 16.4259 1700732449
37 16.7346 1700732449
49 18.3026 1700732449
112 18.9513 1700732449
129 23.5407 1700732449
132 26.879 1700732449
142 25.6085 1700732449
15 14.4989 1700732479
21 16.2961 1700732479
37 16.5904 1700732479
49 18.4566 1700732479
112 19.0168 1700732479
129 23.6123 1700732479
132 26.805 1700732479
142 25.6486 1700732479
15 14.7436 1700732509
21 16.2668 1700732509
37 16.8279 1700732509
49 18.3185 1700732509
112 18.9117 1700732509
129 23.4597 1700732509
132 26.7369 1700732509
142 25.5764 1700732509
15 14.6602 1700732539
21 16.2004 1700732539
37 16.6772 1700732539
49 18.2103 1700732539
112 18.8612 1700732539
129 23.6825 1700732539
132 26.8396 1700732539
142 25.527 1700732539
15 14.5542 1700732569
21 16.0831 1700732569
37 16.9249 1700732569
49 18.3153 1700732569
112 18.7352 1700732569
129 23.7809 1700732569
132 27.0226 1700732569
142 25.3678 1700732569
15 14.7974 1700732599
21 15.9064 1700732599
37 17.0557 1700732599
49 18.1812 1700732599
112 18.8381 1700732599
129 23.6953 1700732599
132 27.0559 1700732599
142 25.3634 1700732599
15 14.7213 1700732629
21 16.1142 1700732629
37 17.2092 1700732629
49 18.3225 1700732629
112 19.0098 1700732629
129 23.4568 1700732629
132 26.9532 1700732629
142 25.2901 1700732629
15 14.6248 1700732659
21 16.2436 1700732659
37 17.1164 1700732659
49 18.5535 1700732659
112 19.0331 1700732659
129 23.4905 1700732659
132 27.146 1700732659
142 25.0404 1700732659
15 14.6646 1700732689
21 16.4307 1700732689
37 16.9412 1700732689
49 18.8009 1700732689
112 19.1241 1700732689
129 23.56 1700732689
132 27.1271 1700732689
142 24.8936 1700732689
15 14.8506 1700732719
21 16.2804 1700732719
37 17.0241 1700732719
49 18.9179 1700732719
112 18.9706 1700732719
129 23.588 1700732719
132 27.0632 1700732719
142 24.7282 1700732719
15 14.6543 1700732749
21 16.3584 1700732749
37 17.236 1700732749
49 18.7086 1700732749
112 18.8342 1700732749
129 23.5187 1700732749
132 26.9318 1700732749
142 24.5458 1700732749
15 14.5439 1700732779
21 16.393 1700732779
37 17.3271 1700732779
49 18.7479 1700732779
112 18.5957 1700732779
129 23.4028 1700732779
132 27.1192 1700732779
142 24.7718 1700732779
15 14.2958 1700732809
21 16.3174 1700732809
37 17.1292 1700732809
49 18.9027 1700732809
112 18.7601 1700732809
129 23.3648 1700732809
132 27.191 1700732809
142 24.9148 1700732809
15 14.4036 1700732839
21 16.1746 1700732839
37 17.0669 1700732839
49 19.0008 1700732839
112 18.7882 1700732839
129 23.4529 1700732839
132 27.2943 1700732839
142 24.819 1700732839
15 14.5063 1700732869
21 16.2944 1700732869
37 16.982 1700732869
49 19.1122 1700732869
112 18.6546 1700732869
129 23.4661 1700732869
132 27.4582 1700732869
142 24.9473 1700732869
15 14.7017 1700732899
21 16.1715 1700732899
37 17.102 1700732899
49 19.1744 1700732899
112 18.6851 1700732899
129 23.5811 1700732899
132 27.4911 1700732899
142 24.9019 1700732899
15 14.5946 1700732929
21 16.2661 1700732929
37 16.9213 1700732929
49 18.9702 1700732929
112 18.4658 1700732929
129 23.3717 1700732929
132 27.3193 1700732929
142 24.7448 1700732929
15 14.6583 1700732959
21 16.1568 1700732959
37 17.135 1700732959
49 19.0264 1700732959
112 18.3865 1700732959
129 23.4938 1700732959
132 27.542 1700732959
142 24.6272 1700732959
15 14.6624 1700732989
21 16.2394 1700732989
37 16.9028 1700732989
49 19.0949 1700732989
112 18.1368 1700732989
129 23.3137 1700732989
132 27.7775 1700732989
142 24.807 1700732989
15 14.7482 1700733019
21 16.123 1700733019
37 16.9461 1700733019
49 19.2947 1700733019
112 18.1739 1700733019
129 23.4584 1700733019
132 27.6143 1700733019
142 24.8215 1700733019
15 14.916 1700733049
21 16.1702 1700733049
37 17.1342 1700733049
49 19.4681 1700733049
112 18.2672 1700733049
129 23.5643 1700733049
132 27.747 1700733049
142 24.9282 1700733049
15 14.9216 1700733079
21 16.4014 1700733079
37 17.1102 1700733079
49 19.6354 1700733079
112 18.1677 1700733079
129 23.783 1700733079
132 27.7382 1700733079
142 24.9192 1700733079
15 15.0844 1700733109
21 16.3724 1700733109
37 16.9832 1700733109
49 19.8581 1700733109
112 18.1795 1700733109
129 23.7619 1700733109
132 27.8912 1700733109
142 25.0986 1700733109
15 14.9656 1700733139
21 16.2832 1700733139
37 16.9905 1700733139
49 19.6222 1700733139
112 18.4036 1700733139
129 23.7392 1700733139
132 28.0152 1700733139
142 25.0719 1700733139
15 15.007 1700733169
21 16.1234 1700733169
37 17.1477 1700733169
49 19.7929 1700733169
112 18.6176 1700733169
129 23.976 1700733169
132 27.998 1700733169
142 25.0796 1700733169
15 15.2175 1700733199
21 16.2452 1700733199
37 17.075 1700733199
49 20.0335 1700733199
112 18.6061 1700733199
129 23.8738 1700733199
132 28.1465 1700733199
142 24.9 1700733199
15 15.0651 1700733229
21 16.0242 1700733229
37 17.2529 1700733229
49 20.0885 1700733229
112 18.7223 1700733229
129 23.6937 1700733229
132 28.2906 1700733229
142 24.8868 1700733229
15 15.0797 1700733259
21 15.8529 1700733259
37 17.2372 1700733259
49 20.2787 1700733259
112 18.4914 1700733259
129 23.6883 1700733259
132 28.2522 1700733259
142 24.9981 1700733259
15 14.9963 1700733289
21 15.765 1700733289
37 17.1894 1700733289
49 20.1959 1700733289
112 18.6115 1700733289
129 23.5684 1700733289
132 28.0308 1700733289
142 25.2338 1700733289
15 14.7771 1700733319
21 15.6357 1700733319
37 17.277 1700733319
49 20.1963 1700733319
112 18.73 1700733319
129 23.4547 1700733319
132 28.0361 1700733319
142 25.2485 1700733319
15 14.7436 1700733349
21 15.7996 1700733349
37 17.3979 1700733349
49 20.1306 1700733349
112 18.8131 1700733349
129 23.6848 1700733349
132 27.9775 1700733349
142 25.053 1700733349
15 14.5314 1700733379
21 15.7054 1700733379
37 17.6122 1700733379
49 20.0846 1700733379
112 18.7495 1700733379
129 23.4652 1700733379
132 28.1801 1700733379
142 25.1853 1700733379
15 14.3528 1700733409
21 15.5252 1700733409
37 17.4533 1700733409
49 20.0043 1700733409
112 18.9778 1700733409
129 23.2502 1700733409
132 28.2215 1700733409
142 25.0281 1700733409
